0	H931	23455	25.19334
0	H1046	9035	8.637668
0	H108	1325	12.268518
0	H1154	21242	18.40728
0	H430	8353	19.425581
0	H843	12445	14.762753
0	H533	10958	20.5591
1	H317	7654	24.145111
1	H459	8631	18.80392
1	H36	833	23.13889
1	H718	6397	8.909471
1	H606	15192	25.069307
1	H58	825	14.224138
1	H277	5736	20.70758
1	H694	10850	15.634006
10	H14749	241617	16.381924
10	H4371	70983	16.239532
10	H14355	145178	10.11341
10	H5636	81016	14.374734
10	H16086	150889	9.380144
10	H4664	45983	9.859134
10	H496	14685	29.606855
10	H14522	280786	19.335215
11	H15968	372910	23.353582
11	H802	28941	36.086037
11	H4804	66081	13.755412
11	H16453	177757	10.803926
11	H4729	94529	19.989216
11	H16566	271111	16.365507
11	H4810	39657	8.244699
11	H15393	157793	10.250958
12	H16881	216604	12.83123
12	H4977	51599	10.367491
12	H17027	205444	12.065778
12	H5327	89442	16.790314
12	H700	28377	40.53857
12	H16429	402819	24.518778
12	H15606	289334	18.53992
12	H6268	147873	23.591736
13	H5647	127544	22.586151
13	H18306	341225	18.640064
13	H6169	91923	14.900794
13	H18173	213752	11.762065
13	H5375	54423	10.125209
13	H18230	211297	11.59062
13	H18198	407066	22.368721
13	H812	30784	37.91133
14	H580	28527	49.184483
14	H14586	353032	24.203484
14	H16077	211404	13.149468
14	H4512	68200	15.115249
14	H15228	313145	20.563765
14	H5127	120712	23.544373
14	H14639	156977	10.723206
14	H4627	43655	9.434839
15	H4009	45318	11.304066
15	H16125	177585	11.013023
15	H5650	115437	20.431328
15	H15573	195743	12.569383
15	H15846	431086	27.20472
15	H769	31560	41.040314
15	H4673	114611	24.526215
15	H15127	324418	21.446287
16	H15794	363612	23.02216
16	H5370	153799	28.64041
16	H15620	261909	16.767542
16	H5520	113269	20.519747
16	H17041	236802	13.896015
16	H5333	68513	12.846991
16	H685	29923	43.683212
16	H16656	461258	27.693203
17	H17900	535695	29.927095
17	H943	51985	55.127254
17	H6170	135726	21.99773
17	H18897	314222	16.628141
17	H6190	179452	28.99063
17	H18326	489717	26.722525
17	H5730	76396	13.332635
17	H18773	248782	13.252117
18	H17109	264893	15.48267
18	H5624	85532	15.208392
18	H17300	300783	17.386301
18	H6350	155056	24.418268
18	H767	39446	51.428944
18	H18702	589267	31.508234
18	H18327	526140	28.708464
18	H4751	166041	34.948643
19	H4967	149636	30.126032
19	H12203	330196	27.058592
19	H4064	103364	25.434055
19	H12963	252542	19.481756
19	H4872	89483	18.36679
19	H13235	210974	15.940612
19	H13109	432450	32.988785
19	H585	33363	57.03077
2	H136	1216	8.941176
2	H142	624	4.3943663
2	H27	-332	-12.296296
2	H199	3831	19.251257
2	H28	427	15.25
2	H168	-855	-5.089286
2	H55	-11	-0.2
20	H4453	69873	15.691219
20	H14483	217400	15.010702
20	H4788	124319	25.964703
20	H14225	259569	18.247381
20	H14452	477003	33.00602
20	H476	25909	54.43067
20	H4182	131438	31.42946
20	H14671	415543	28.324108
21	H9362	238368	25.461226
21	H3593	99051	27.56777
21	H9610	152795	15.899584
21	H2327	59021	25.363558
21	H8632	125547	14.54437
21	H3587	51093	14.243937
21	H198	11565	58.409092
21	H9799	320162	32.672924
22	H3669	120999	32.97874
22	H76	7303	96.0921
22	H1417	34065	24.040226
22	H3424	60703	17.72868
22	H1482	33750	22.77328
22	H3820	102340	26.790575
22	H1513	19951	13.186384
22	H4360	54645	12.533257
23	H2038	22959	11.265456
23	H1770	16170	9.135593
23	H1833	28747	15.683033
23	H350	5437	15.534286
23	H2531	60327	23.835243
23	H2841	55391	19.497007
23	H919	21461	23.352556
3	H146	926	6.342466
3	H70	-23	-0.32857144
3	H91	1619	17.791208
3	H64	-117	-1.828125
3	H105	279	2.6571429
4	H93	1092	11.741936
4	H83	1258	15.156627
4	H84	790	9.404762
4	H71	2227	31.366198
4	H34	272	8.0
4	H37	-3	-0.08108108
5	H64	124	1.9375
5	H345	1654	4.794203
5	H385	622	1.6155844
5	H4	-7	-1.75
5	H227	1775	7.819383
5	H92	215	2.3369565
5	H455	2031	4.463736
6	H12521	105541	8.429119
6	H2787	22115	7.9350557
6	H2733	21933	8.025247
6	H10903	48225	4.4230947
6	H11388	46814	4.1108184
6	H4005	22487	5.614732
6	H10903	129310	11.860039
6	H418	10983	26.27512
7	H751	20274	26.996006
7	H19964	271850	13.617011
7	H20288	104502	5.1509266
7	H6285	68969	10.973588
7	H6518	74628	11.449524
7	H19441	177895	9.150507
7	H6296	44308	7.037484
7	H19018	100877	5.304291
8	H19143	145984	7.6259727
8	H6208	52961	8.531089
8	H6058	86323	14.249422
8	H19756	175809	8.899018
8	H19854	348927	17.574644
8	H988	28364	28.708502
8	H20233	259086	12.80512
8	H5579	86952	15.585588
9	H6153	113011	18.366814
9	H16291	228659	14.03591
9	H5318	45669	8.587626
9	H17657	180962	10.24874
9	H753	27851	36.98672
9	H16958	371797	21.924578
9	H17223	163821	9.511758
9	H5586	86371	15.462048
